<?xml version="1.0" encoding="UTF-8"?>
<!DOCTYPE svg PUBLIC "-//W3C//DTD SVG 1.1//EN" "http://www.w3.org/Graphics/SVG/1.1/DTD/svg11.dtd">
<!-- Creator: CorelDRAW 2019 (64-Bit) -->
<svg xmlns="http://www.w3.org/2000/svg" xml:space="preserve" width="500px" height="98px" version="1.1" style="shape-rendering:geometricPrecision; text-rendering:geometricPrecision; image-rendering:optimizeQuality; fill-rule:evenodd; clip-rule:evenodd"
viewBox="0 0 430.76 84.6"
 xmlns:xlink="http://www.w3.org/1999/xlink">
 <defs>
  <style type="text/css">
   <![CDATA[
    .str0 {stroke:white;stroke-width:0.77;stroke-miterlimit:22.9256}
    .fil0 {fill:black}
    .fil7 {fill:#00506D}
    .fil6 {fill:#006589}
    .fil16 {fill:#00B050}
    .fil3 {fill:#00B0F0}
    .fil17 {fill:#00B0F0}
    .fil14 {fill:#058048}
    .fil13 {fill:#179447}
    .fil11 {fill:#29B678}
    .fil10 {fill:#2AB685}
    .fil8 {fill:#3D5DA9}
    .fil21 {fill:#3E9C50}
    .fil12 {fill:#4FB96D}
    .fil9 {fill:#5099D3}
    .fil19 {fill:#88C3D1}
    .fil4 {fill:#8FD4A6}
    .fil5 {fill:#B28A2C}
    .fil1 {fill:#EDE6DA}
    .fil20 {fill:#EDE6DA}
    .fil2 {fill:#FAC13E}
    .fil18 {fill:#FAC13E}
    .fil22 {fill:#010101;fill-rule:nonzero}
    .fil15 {fill:white;fill-rule:nonzero}
   ]]>
  </style>
 </defs>
 <g id="Layer_x0020_1">
  <metadata id="CorelCorpID_0Corel-Layer"/>
  <path class="fil0" d="M148.01 28.99c0.05,-5.67 -0.31,-10.66 6.31,-10.48 6.01,0.16 5.81,4.86 5.84,10.49l-12.15 -0.01zm-5.12 -0.28c-0.47,0.45 0.62,0.35 -0.84,0.4l-2.85 0.06 0.03 3.9 3.67 0.07 0.04 9.52 4.9 0.02 0.17 -9.69 11.27 -0.01c1.58,0.07 0.44,-0.05 0.88,0.49l0.02 9.2 5.14 -0.11c0.1,-5.4 -0.04,-10.88 -0.03,-16.29 0.01,-15.35 -14.36,-12.56 -18.62,-9.69 -4.1,2.77 -3.43,6.11 -3.78,12.13z"/>
  <path class="fil0" d="M328.54 31.24c-0.61,-4.87 0.05,-11.06 5.53,-12.38 6.38,-1.53 9.83,1.81 10.41,7.4 0.58,5.69 -0.37,11.45 -5.71,12.45 -6.53,1.22 -9.53,-1.93 -10.23,-7.47zm-5.38 0.87c1.54,9.3 8.36,11.93 16.74,10.62 8.2,-1.28 11.27,-8.17 10.06,-17.33 -1.12,-8.39 -7.36,-12.15 -16.76,-10.61 -4.16,0.67 -6.86,2.63 -8.34,5.36 -1.71,3.16 -2.4,7.77 -1.7,11.96z"/>
  <path class="fil0" d="M209.58 19.05c1.81,-0.28 7.01,-0.2 8.93,-0.02 5.31,0.51 5.41,9.03 -0.29,9.49 -2,0.16 -6.68,0.2 -8.64,-0.04l0 -9.43zm-0.13 23.65l0.05 -9.92 10.38 -0.2c7.57,-0.08 10.26,-8.93 6.15,-14.66 -2.06,-2.89 -4.6,-3.06 -9.23,-3.15 -4.05,-0.08 -8.32,-0.07 -12.37,0l-0.04 13.75 -3.91 0.13 0.04 4.01 3.93 0.15 0.03 9.86 4.97 0.03z"/>
  <path class="fil0" d="M264.37 38.53l0.01 4.09c3.88,0.29 16.73,0.5 19.58,-0.89 5.12,-2.52 5.34,-11.32 0.95,-14.06 -5.03,-3.14 -15.98,1.2 -15.69,-5.2 0.16,-3.66 3.58,-3.48 6.86,-3.53 3.44,-0.05 7.1,0.16 10.49,-0.05l0.05 -4.06c-4.33,-0.39 -16.43,-0.57 -19.28,1.52 -4.45,3.27 -4.56,11.16 0.82,13.45 5.32,2.26 16.52,-1.65 14.56,6.02 -0.76,2.97 -4.49,2.68 -7.8,2.67 -3.45,0 -7.13,-0.12 -10.55,0.04z"/>
  <path class="fil1" d="M328.54 31.24c0.7,5.54 3.7,8.69 10.23,7.47 5.34,-1 6.29,-6.76 5.71,-12.45 -0.58,-5.59 -4.03,-8.93 -10.41,-7.4 -5.48,1.32 -6.14,7.51 -5.53,12.38z"/>
  <path class="fil0" d="M389.92 14.78c-0.01,4.96 -0.56,18.57 0.81,22.43 2.17,6.17 10.21,5.9 17.63,5.42l-0.02 -4.09c-2.79,-0.17 -6.44,0.25 -9.02,-0.27 -2.97,-0.6 -3.94,-1.91 -4.23,-5.11 -0.49,-5.43 -0.08,-12.76 -0.08,-18.4l-5.09 0.02z"/>
  <path class="fil2" d="M209.58 28.48c1.96,0.24 6.64,0.2 8.64,0.04 5.7,-0.46 5.6,-8.98 0.29,-9.49 -1.92,-0.18 -7.12,-0.26 -8.93,0.02l0 9.43z"/>
  <path class="fil3" d="M148.01 28.99l12.15 0.01c-0.03,-5.63 0.17,-10.33 -5.84,-10.49 -6.62,-0.18 -6.26,4.81 -6.31,10.48z"/>
  <path class="fil4" d="M366.98 52.26c0.38,0.59 -0.62,0.45 0.8,0.51l60.9 0c0.46,-1.24 0.45,-42.16 0.27,-51.05 0,-0.17 -0.02,-0.7 -0.04,-0.85 -0.12,-0.57 -0.16,-0.47 -0.28,-0.66l-0.07 52.18c-2.23,0.09 -59.67,0.34 -61.58,-0.13z"/>
  <path class="fil5" d="M209.45 42.7c0.7,-0.8 0.38,-3.69 0.38,-4.75 0,-1.67 0.08,-3.36 -0.08,-5.02 1.38,0.05 9.73,0.33 10.13,-0.35l-10.38 0.2 -0.05 9.92z"/>
  <path class="fil6" d="M147.84 42.68c0.39,-0.47 0.34,0.76 0.36,-0.93l-0.01 -8.47c2.45,-0.07 10,-0.33 11.97,0.19 -0.44,-0.54 0.7,-0.42 -0.88,-0.49l-11.27 0.01 -0.17 9.69z"/>
  <path class="fil7" d="M139.23 33.07l-0.03 -3.9 2.85 -0.06c1.46,-0.05 0.37,0.05 0.84,-0.4l-3.91 0.23c-0.08,0.79 -0.07,1.3 -0.08,2 -0.02,1.83 -0.1,1.42 0.33,2.13z"/>
  <g id="_2000077520576">
   <path class="fil8" d="M26.53 0c-14.64,0 -26.53,11.85 -26.53,26.45 0,14.6 11.89,26.45 26.53,26.45 14.65,0 26.53,-11.85 26.53,-26.45 0,-14.6 -11.88,-26.45 -26.53,-26.45l0 0zm1.06 52.05c-14,0 -25.36,-11.4 -25.36,-25.48 0,-14.04 11.36,-25.44 25.36,-25.44 14.03,0 25.39,11.4 25.39,25.44 0,14.08 -11.36,25.48 -25.39,25.48l0 0z"/>
   <path class="fil9" d="M36.35 10.06c-9.17,0 -16.63,7.46 -16.63,16.63 0,9.21 7.46,16.64 16.63,16.64 9.17,0 16.63,-7.43 16.63,-16.64 0,-9.17 -7.46,-16.63 -16.63,-16.63l0 0zm0.89 32.37c-8.64,0 -15.62,-7.06 -15.62,-15.74 0,-8.72 6.98,-15.78 15.62,-15.78 8.64,0 15.66,7.06 15.66,15.78 0,8.68 -7.02,15.74 -15.66,15.74l0 0z"/>
   <path class="fil10" d="M36.67 22.15c-5.8,0 -10.5,4.75 -10.5,10.59 0,5.84 4.7,10.59 10.5,10.59 5.8,0 10.51,-4.75 10.51,-10.59 0,-5.84 -4.71,-10.59 -10.51,-10.59l0 0zm0.86 20.12c-5.28,0 -9.58,-4.26 -9.58,-9.53 0,-5.28 4.3,-9.58 9.58,-9.58 5.31,0 9.61,4.3 9.61,9.58 0,5.27 -4.3,9.53 -9.61,9.53l0 0z"/>
   <path class="fil11" d="M32.66 25.92c-3.61,0 -6.49,2.96 -6.49,6.57 0,3.66 2.88,6.58 6.49,6.58 3.57,0 6.49,-2.92 6.49,-6.58 0,-3.61 -2.92,-6.57 -6.49,-6.57l0 0zm0.93 12.17c-3.04,0 -5.52,-2.51 -5.52,-5.64 0,-3.12 2.48,-5.68 5.52,-5.68 3.04,0 5.52,2.56 5.52,5.68 0,3.13 -2.48,5.64 -5.52,5.64l0 0z"/>
   <path class="fil12" d="M32.7 25.92c-2.48,0 -4.46,1.99 -4.46,4.46 0,2.44 1.98,4.43 4.46,4.43 2.43,0 4.42,-1.99 4.42,-4.43 0,-2.47 -1.99,-4.46 -4.42,-4.46l0 0zm0.97 7.87c-1.9,0 -3.45,-1.54 -3.45,-3.45 0,-1.9 1.55,-3.44 3.45,-3.44 1.91,0 3.41,1.54 3.41,3.44 0,1.91 -1.5,3.45 -3.41,3.45l0 0z"/>
   <path class="fil13" d="M34.2 27.46c-1.62,0 -2.92,1.3 -2.92,2.92 0,1.59 1.3,2.93 2.92,2.93 1.62,0 2.92,-1.34 2.92,-2.93 0,-1.62 -1.3,-2.92 -2.92,-2.92l0 0zm0.97 4.91c-1.05,0 -1.94,-0.85 -1.94,-1.94 0,-1.1 0.89,-1.95 1.94,-1.95 1.06,0 1.95,0.85 1.95,1.95 0,1.09 -0.89,1.94 -1.95,1.94l0 0z"/>
   <path class="fil14" d="M34.16 29.05c-1.14,0 -2.03,0.97 -2.03,2.11 0,1.17 0.89,2.15 2.03,2.15 1.13,0 2.07,-0.98 2.07,-2.15 0,-1.14 -0.94,-2.11 -2.07,-2.11l0 0zm0.97 3.28c-0.57,0 -1.05,-0.53 -1.05,-1.17 0,-0.65 0.48,-1.18 1.05,-1.18 0.61,0 1.06,0.53 1.06,1.18 0,0.64 -0.45,1.17 -1.06,1.17l0 0z"/>
  </g>
  <g id="_2000077521696">
   <path class="fil15 str0" d="M8.06 77.88l0 -2.2c-0.55,-0.54 -1.21,-0.81 -1.96,-0.81 -0.59,0 -1.11,0.27 -1.56,0.82 -0.45,0.54 -0.67,1.18 -0.67,1.92 0,0.73 0.16,1.36 0.48,1.88 0.32,0.52 0.76,0.78 1.32,0.78 0.96,0 1.76,-0.8 2.39,-2.39zm1.47 2.27c0.24,0 0.36,0.07 0.36,0.2 0,0.18 -0.06,0.36 -0.19,0.54 -0.12,0.19 -0.32,0.28 -0.59,0.28 -0.26,0 -0.48,-0.15 -0.63,-0.44 -0.15,-0.3 -0.26,-0.77 -0.32,-1.41 -0.68,1.23 -1.53,1.85 -2.56,1.85 -0.6,0 -1.12,-0.19 -1.55,-0.58 -0.44,-0.39 -0.75,-0.84 -0.93,-1.34 -0.18,-0.51 -0.28,-1.02 -0.28,-1.53 0,-1 0.31,-1.88 0.92,-2.63 0.61,-0.74 1.39,-1.12 2.34,-1.12 0.69,0 1.34,0.23 1.96,0.68 0.02,-1.28 0.03,-2.22 0.03,-2.81 0,-0.6 0.04,-0.97 0.13,-1.11 0.09,-0.14 0.23,-0.22 0.43,-0.22 0.2,0 0.36,0.08 0.48,0.25 0.13,0.16 0.19,0.4 0.19,0.71 0,0.31 -0.02,0.7 -0.05,1.15 -0.04,0.46 -0.1,1.07 -0.17,1.82 -0.07,0.75 -0.13,1.43 -0.18,2.04 0,1.12 0.04,2 0.12,2.64 0.09,0.64 0.25,0.98 0.49,1.03zm10.8 -2.84c0.62,0 1.12,-0.11 1.49,-0.32 0.38,-0.21 0.56,-0.5 0.56,-0.86 0,-0.36 -0.12,-0.67 -0.36,-0.93 -0.25,-0.26 -0.59,-0.4 -1.05,-0.4 -0.61,0 -1.12,0.23 -1.53,0.69 -0.42,0.46 -0.69,0.99 -0.81,1.6 0.51,0.15 1.08,0.22 1.7,0.22zm0.53 -3.41c0.74,0 1.34,0.21 1.81,0.63 0.46,0.41 0.7,0.95 0.7,1.62 0,0.66 -0.29,1.17 -0.87,1.51 -0.57,0.35 -1.28,0.52 -2.12,0.52 -0.48,0 -1.07,-0.07 -1.76,-0.21 0.06,0.65 0.3,1.21 0.73,1.67 0.43,0.47 0.9,0.7 1.43,0.7 0.31,0 0.6,-0.04 0.87,-0.13 0.27,-0.09 0.47,-0.18 0.61,-0.29 0.37,-0.28 0.61,-0.42 0.73,-0.42 0.11,0 0.2,0.03 0.27,0.1 0.07,0.07 0.11,0.15 0.11,0.26 0,0.25 -0.27,0.55 -0.8,0.88 -0.53,0.33 -1.1,0.5 -1.72,0.5 -0.96,0 -1.72,-0.34 -2.28,-1.01 -0.57,-0.67 -0.87,-1.49 -0.92,-2.44 -0.49,-0.14 -0.73,-0.38 -0.73,-0.72 0,-0.13 0.04,-0.24 0.12,-0.32 0.07,-0.08 0.17,-0.12 0.28,-0.12 0.11,0 0.25,0.04 0.41,0.13 0.21,-0.84 0.59,-1.52 1.16,-2.05 0.57,-0.54 1.22,-0.81 1.97,-0.81zm20.5 2.77l-0.07 2.17c0,0.26 0,0.46 0.01,0.59 0,0.14 0.03,0.28 0.08,0.42 0.05,0.14 0.11,0.23 0.19,0.26 0.07,0.03 0.15,0.05 0.22,0.06 0.08,0.01 0.14,0.03 0.17,0.05 0.03,0.01 0.05,0.05 0.05,0.11 0,0.24 -0.08,0.44 -0.23,0.6 -0.15,0.16 -0.33,0.24 -0.53,0.24 -0.35,0 -0.59,-0.14 -0.73,-0.41 -0.13,-0.28 -0.2,-0.69 -0.2,-1.22l0.06 -2.55c0,-0.63 -0.13,-1.13 -0.37,-1.52 -0.25,-0.39 -0.59,-0.58 -1.03,-0.58 -0.43,0 -0.86,0.26 -1.28,0.79 -0.41,0.52 -0.7,1.12 -0.87,1.78l0.05 3c0,0.47 -0.18,0.71 -0.53,0.71 -0.43,0 -0.64,-0.33 -0.64,-0.98 0,-0.65 0.09,-1.56 0.28,-2.73 0,-1.72 -0.47,-2.57 -1.41,-2.57 -0.44,0 -0.86,0.26 -1.28,0.79 -0.41,0.52 -0.7,1.12 -0.87,1.78l0.04 3c0,0.47 -0.17,0.71 -0.52,0.71 -0.43,0 -0.64,-0.33 -0.64,-0.98 0,-0.65 0.09,-1.56 0.28,-2.73 0,-0.39 -0.04,-0.92 -0.12,-1.6 -0.08,-0.69 -0.12,-1.11 -0.12,-1.27 0,-0.16 0.05,-0.31 0.15,-0.43 0.1,-0.12 0.23,-0.19 0.39,-0.19 0.17,0 0.3,0.07 0.4,0.19 0.09,0.12 0.14,0.27 0.14,0.42 0,0.16 0,0.35 0,0.58 -0.01,0.22 -0.01,0.41 -0.01,0.57 0.63,-1.17 1.41,-1.76 2.35,-1.76 0.55,0 0.99,0.16 1.34,0.48 0.34,0.32 0.58,0.75 0.71,1.28 0.63,-1.17 1.41,-1.76 2.35,-1.76 0.69,0 1.23,0.27 1.61,0.79 0.39,0.53 0.58,1.16 0.58,1.91zm13.2 1.01l-0.04 -3c0,-0.47 0.18,-0.71 0.53,-0.71 0.42,0 0.63,0.35 0.63,1.04 0,0.55 -0.09,1.44 -0.29,2.67 0.11,1.13 0.17,1.97 0.17,2.52 0,1.21 -0.3,2.18 -0.89,2.91 -0.59,0.74 -1.42,1.1 -2.49,1.1 -0.57,0 -1.11,-0.11 -1.62,-0.35 -0.51,-0.23 -0.76,-0.47 -0.76,-0.7 0,-0.24 0.11,-0.36 0.32,-0.36 0.09,0 0.35,0.09 0.77,0.26 0.42,0.17 0.85,0.26 1.29,0.26 0.78,0 1.39,-0.28 1.84,-0.84 0.45,-0.55 0.68,-1.26 0.68,-2.14 0,-0.32 -0.01,-0.64 -0.04,-0.94 -0.68,1.18 -1.54,1.77 -2.58,1.77 -0.73,0 -1.31,-0.27 -1.71,-0.82 -0.41,-0.55 -0.61,-1.22 -0.61,-2.02l0.08 -2.09c0,-0.37 -0.03,-0.71 -0.11,-1.03 -0.07,-0.32 -0.11,-0.54 -0.11,-0.68 0,-0.14 0.06,-0.27 0.17,-0.38 0.11,-0.12 0.25,-0.18 0.43,-0.18 0.42,0 0.63,0.38 0.63,1.14l-0.11 3.04c0,0.63 0.14,1.14 0.4,1.53 0.27,0.39 0.64,0.59 1.12,0.59 0.47,0 0.93,-0.27 1.37,-0.79 0.45,-0.54 0.76,-1.13 0.93,-1.8zm14.15 1.36c0,0.63 -0.26,1.14 -0.77,1.54 -0.51,0.39 -1.13,0.59 -1.84,0.59 -0.72,0 -1.34,-0.16 -1.86,-0.49 -0.53,-0.33 -0.79,-0.65 -0.79,-0.98 0,-0.14 0.04,-0.25 0.12,-0.34 0.08,-0.08 0.18,-0.13 0.29,-0.13 0.1,0 0.19,0.02 0.25,0.07 0.07,0.04 0.15,0.12 0.26,0.24 0.12,0.12 0.21,0.22 0.3,0.3 0.09,0.08 0.27,0.18 0.54,0.28 0.27,0.1 0.53,0.15 0.76,0.15 0.5,0 0.92,-0.1 1.25,-0.31 0.33,-0.21 0.49,-0.51 0.49,-0.91 0,-0.48 -0.46,-0.88 -1.38,-1.2 -0.38,-0.13 -0.76,-0.27 -1.15,-0.42 -0.38,-0.16 -0.7,-0.37 -0.97,-0.63 -0.27,-0.27 -0.4,-0.59 -0.4,-0.96 0,-0.5 0.22,-0.93 0.68,-1.31 0.45,-0.37 1,-0.56 1.66,-0.56 0.65,0 1.17,0.12 1.55,0.34 0.39,0.23 0.58,0.47 0.58,0.72 0,0.3 -0.16,0.45 -0.49,0.45 -0.14,0 -0.27,-0.05 -0.41,-0.15 -0.44,-0.3 -0.85,-0.46 -1.25,-0.46 -0.39,0 -0.72,0.09 -0.97,0.27 -0.25,0.18 -0.37,0.39 -0.37,0.63 0,0.23 0.13,0.43 0.4,0.6 0.27,0.16 0.59,0.32 0.98,0.45 0.38,0.14 0.76,0.3 1.15,0.47 0.39,0.17 0.72,0.4 0.98,0.7 0.27,0.3 0.41,0.65 0.41,1.05zm9.39 -4.08l-0.02 3.28c0,0.84 0.03,1.38 0.1,1.64 0.07,0.26 0.25,0.39 0.55,0.39 0.13,0 0.3,-0.05 0.5,-0.15 0.2,-0.09 0.33,-0.14 0.39,-0.14 0.2,0 0.3,0.09 0.3,0.28 0,0.19 -0.18,0.39 -0.52,0.6 -0.34,0.21 -0.67,0.31 -1.01,0.31 -0.8,0 -1.2,-0.59 -1.2,-1.77l-0.01 -4.44c-0.31,0.02 -0.52,0.04 -0.64,0.04 -0.46,0 -0.69,-0.15 -0.69,-0.46 0,-0.3 0.23,-0.46 0.69,-0.46 0.04,0 0.24,0.01 0.61,0.03l-0.03 -1.55c0,-0.46 0.18,-0.69 0.53,-0.69 0.35,0 0.52,0.23 0.52,0.69l-0.04 1.57 1.12 -0.06c0.46,0 0.69,0.16 0.69,0.47 0,0.3 -0.23,0.44 -0.69,0.44 -0.08,0 -0.46,-0.01 -1.15,-0.02zm10.08 -3.96c0.19,0 0.33,0.06 0.43,0.19 0.09,0.12 0.14,0.28 0.14,0.47 0,0.18 -0.07,0.37 -0.2,0.56 -0.13,0.19 -0.29,0.29 -0.48,0.29 -0.2,0 -0.34,-0.07 -0.44,-0.2 -0.1,-0.13 -0.14,-0.3 -0.14,-0.51 0,-0.21 0.06,-0.4 0.2,-0.56 0.13,-0.16 0.29,-0.24 0.49,-0.24zm0.39 6.57l0.06 2.91c0,0.46 -0.17,0.69 -0.52,0.69 -0.35,0 -0.53,-0.23 -0.53,-0.69l0.07 -2.91 -0.07 -2.9c0,-0.47 0.18,-0.7 0.53,-0.7 0.35,0 0.52,0.23 0.52,0.7l-0.06 2.9zm9.83 -3.46l1.35 -0.03c0.15,0 0.27,0.04 0.37,0.12 0.1,0.07 0.15,0.18 0.15,0.33 0,0.27 -0.17,0.41 -0.52,0.41l-1.35 -0.03 0 0.93c0,1.28 0.02,2.34 0.05,3.21 0.02,0.87 0.04,1.37 0.04,1.52 0,0.14 -0.05,0.28 -0.15,0.41 -0.09,0.13 -0.23,0.19 -0.39,0.19 -0.17,0 -0.3,-0.06 -0.4,-0.19 -0.09,-0.13 -0.14,-0.27 -0.14,-0.41 0,-0.15 0,-0.43 0.01,-0.87 0.05,-1.3 0.07,-2.58 0.07,-3.86l0 -0.93 -0.7 0.03c-0.35,0 -0.53,-0.14 -0.53,-0.41 0,-0.15 0.05,-0.26 0.15,-0.33 0.1,-0.08 0.23,-0.12 0.38,-0.12l0.69 0.03 0 -1.17c0,-0.86 0.17,-1.48 0.5,-1.86 0.34,-0.38 0.73,-0.57 1.17,-0.57 0.45,0 0.81,0.09 1.1,0.26 0.29,0.17 0.44,0.35 0.44,0.55 0,0.3 -0.13,0.45 -0.39,0.45 -0.12,0 -0.28,-0.05 -0.47,-0.16 -0.19,-0.11 -0.38,-0.17 -0.57,-0.17 -0.57,0 -0.86,0.54 -0.86,1.62l0 1.05zm14.23 3.57l-0.04 -3c0,-0.47 0.18,-0.71 0.53,-0.71 0.42,0 0.63,0.35 0.63,1.04 0,0.55 -0.09,1.44 -0.29,2.67 0.11,1.13 0.17,1.97 0.17,2.52 0,1.21 -0.3,2.18 -0.89,2.91 -0.59,0.74 -1.42,1.1 -2.49,1.1 -0.57,0 -1.11,-0.11 -1.62,-0.35 -0.51,-0.23 -0.76,-0.47 -0.76,-0.7 0,-0.24 0.11,-0.36 0.32,-0.36 0.09,0 0.35,0.09 0.77,0.26 0.42,0.17 0.85,0.26 1.29,0.26 0.78,0 1.39,-0.28 1.84,-0.84 0.45,-0.55 0.68,-1.26 0.68,-2.14 0,-0.32 -0.01,-0.64 -0.04,-0.94 -0.68,1.18 -1.54,1.77 -2.58,1.77 -0.73,0 -1.31,-0.27 -1.71,-0.82 -0.41,-0.55 -0.61,-1.22 -0.61,-2.02l0.08 -2.09c0,-0.37 -0.03,-0.71 -0.11,-1.03 -0.07,-0.32 -0.11,-0.54 -0.11,-0.68 0,-0.14 0.06,-0.27 0.17,-0.38 0.11,-0.12 0.25,-0.18 0.43,-0.18 0.42,0 0.63,0.38 0.63,1.14l-0.11 3.04c0,0.63 0.14,1.14 0.4,1.53 0.27,0.39 0.64,0.59 1.12,0.59 0.47,0 0.93,-0.27 1.37,-0.79 0.45,-0.54 0.76,-1.13 0.93,-1.8zm10.01 -6.68c0.19,0 0.33,0.06 0.43,0.19 0.09,0.12 0.14,0.28 0.14,0.47 0,0.18 -0.07,0.37 -0.2,0.56 -0.13,0.19 -0.29,0.29 -0.48,0.29 -0.2,0 -0.34,-0.07 -0.44,-0.2 -0.1,-0.13 -0.14,-0.3 -0.14,-0.51 0,-0.21 0.06,-0.4 0.2,-0.56 0.13,-0.16 0.29,-0.24 0.49,-0.24zm0.39 6.57l0.06 2.91c0,0.46 -0.17,0.69 -0.52,0.69 -0.35,0 -0.53,-0.23 -0.53,-0.69l0.07 -2.91 -0.07 -2.9c0,-0.47 0.18,-0.7 0.53,-0.7 0.35,0 0.52,0.23 0.52,0.7l-0.06 2.9zm14.28 -0.9l-0.07 2.17c0,0.26 0,0.46 0,0.59 0.01,0.14 0.04,0.28 0.09,0.42 0.05,0.14 0.11,0.23 0.19,0.26 0.07,0.03 0.14,0.05 0.22,0.06 0.08,0.01 0.14,0.03 0.17,0.05 0.03,0.01 0.05,0.05 0.05,0.11 0,0.24 -0.08,0.44 -0.23,0.6 -0.15,0.16 -0.33,0.24 -0.53,0.24 -0.35,0 -0.6,-0.14 -0.73,-0.41 -0.13,-0.28 -0.2,-0.69 -0.2,-1.22l0.05 -2.55c0,-0.63 -0.13,-1.13 -0.4,-1.52 -0.26,-0.39 -0.64,-0.58 -1.11,-0.58 -0.48,0 -0.93,0.26 -1.38,0.79 -0.44,0.52 -0.75,1.12 -0.92,1.78l0.04 3c0,0.47 -0.18,0.71 -0.53,0.71 -0.42,0 -0.64,-0.33 -0.64,-0.98 0,-0.65 0.1,-1.56 0.28,-2.73 0,-0.39 -0.04,-0.92 -0.12,-1.6 -0.07,-0.69 -0.11,-1.11 -0.11,-1.27 0,-0.16 0.04,-0.31 0.14,-0.43 0.1,-0.12 0.23,-0.19 0.4,-0.19 0.16,0 0.29,0.07 0.39,0.19 0.1,0.12 0.15,0.27 0.15,0.42 0,0.16 -0.01,0.35 -0.01,0.58 -0.01,0.22 -0.01,0.41 -0.01,0.57 0.67,-1.17 1.51,-1.76 2.49,-1.76 0.74,0 1.31,0.27 1.72,0.79 0.4,0.53 0.61,1.16 0.61,1.91zm13.12 1.12l0 -2.11c-0.51,-0.54 -1.07,-0.81 -1.68,-0.81 -0.62,0 -1.15,0.28 -1.61,0.83 -0.46,0.55 -0.68,1.2 -0.68,1.95 0,0.75 0.14,1.37 0.42,1.87 0.29,0.5 0.68,0.75 1.19,0.75 0.5,0 0.96,-0.23 1.39,-0.71 0.42,-0.47 0.75,-1.06 0.97,-1.77zm-0.03 -3.17c0.02,-0.43 0.19,-0.65 0.53,-0.65 0.42,0 0.63,0.33 0.63,0.98 0,0.65 -0.09,1.56 -0.27,2.73 0.11,1.13 0.16,1.97 0.16,2.52 0,1.21 -0.28,2.18 -0.85,2.91 -0.57,0.74 -1.36,1.1 -2.39,1.1 -0.57,0 -1.11,-0.11 -1.62,-0.35 -0.5,-0.23 -0.76,-0.47 -0.76,-0.7 0,-0.24 0.11,-0.36 0.32,-0.36 0.08,0 0.32,0.09 0.71,0.26 0.4,0.17 0.85,0.26 1.35,0.26 0.74,0 1.32,-0.28 1.75,-0.84 0.42,-0.55 0.63,-1.26 0.63,-2.14 0,-0.36 -0.02,-0.69 -0.07,-1 -0.2,0.5 -0.53,0.93 -0.99,1.29 -0.45,0.36 -0.92,0.54 -1.41,0.54 -0.48,0 -0.89,-0.11 -1.24,-0.32 -0.34,-0.21 -0.61,-0.49 -0.83,-0.83 -0.41,-0.69 -0.62,-1.5 -0.62,-2.41 0,-0.92 0.31,-1.76 0.94,-2.51 0.62,-0.75 1.39,-1.13 2.3,-1.13 0.64,0 1.21,0.22 1.73,0.65zm22.04 3.06c0,0.69 0.05,1.26 0.15,1.7 0.1,0.44 0.22,0.68 0.36,0.74 0.06,0.03 0.12,0.04 0.2,0.05 0.08,0.01 0.13,0.03 0.17,0.05 0.03,0.01 0.05,0.05 0.05,0.11 0,0.25 -0.07,0.45 -0.21,0.6 -0.13,0.16 -0.33,0.24 -0.6,0.24 -0.26,0 -0.47,-0.17 -0.62,-0.51 -0.15,-0.34 -0.22,-0.78 -0.22,-1.32 -0.23,0.52 -0.57,0.95 -1.02,1.3 -0.45,0.35 -0.95,0.53 -1.51,0.53 -0.56,0 -1.04,-0.18 -1.44,-0.55 -0.74,-0.68 -1.11,-1.64 -1.11,-2.9 0,-1 0.29,-1.88 0.87,-2.63 0.58,-0.74 1.33,-1.12 2.24,-1.12 0.7,0 1.3,0.24 1.8,0.71 0,-0.47 0.18,-0.71 0.53,-0.71 0.42,0 0.63,0.33 0.63,0.98 0,0.65 -0.09,1.56 -0.27,2.73zm-0.8 0.13l-0.07 -2.13c-0.56,-0.54 -1.14,-0.81 -1.74,-0.81 -0.6,0 -1.12,0.27 -1.56,0.82 -0.43,0.54 -0.65,1.2 -0.65,1.96 0,0.76 0.14,1.39 0.42,1.88 0.29,0.49 0.68,0.74 1.2,0.74 0.52,0 0.99,-0.23 1.41,-0.69 0.43,-0.46 0.75,-1.05 0.99,-1.77zm15.43 -1.14l-0.07 2.17c0,0.26 0,0.46 0,0.59 0.01,0.14 0.04,0.28 0.09,0.42 0.05,0.14 0.11,0.23 0.18,0.26 0.08,0.03 0.15,0.05 0.23,0.06 0.08,0.01 0.14,0.03 0.17,0.05 0.03,0.01 0.05,0.05 0.05,0.11 0,0.24 -0.08,0.44 -0.23,0.6 -0.15,0.16 -0.33,0.24 -0.53,0.24 -0.36,0 -0.6,-0.14 -0.73,-0.41 -0.14,-0.28 -0.2,-0.69 -0.2,-1.22l0.05 -2.55c0,-0.63 -0.13,-1.13 -0.4,-1.52 -0.27,-0.39 -0.64,-0.58 -1.11,-0.58 -0.48,0 -0.94,0.26 -1.38,0.79 -0.44,0.52 -0.75,1.12 -0.93,1.78l0.05 3c0,0.47 -0.18,0.71 -0.53,0.71 -0.43,0 -0.64,-0.33 -0.64,-0.98 0,-0.65 0.09,-1.56 0.28,-2.73 0,-0.39 -0.04,-0.92 -0.12,-1.6 -0.08,-0.69 -0.12,-1.11 -0.12,-1.27 0,-0.16 0.05,-0.31 0.15,-0.43 0.1,-0.12 0.23,-0.19 0.39,-0.19 0.17,0 0.3,0.07 0.4,0.19 0.1,0.12 0.14,0.27 0.14,0.42 0,0.16 0,0.35 0,0.58 -0.01,0.22 -0.01,0.41 -0.01,0.57 0.67,-1.17 1.5,-1.76 2.49,-1.76 0.74,0 1.31,0.27 1.72,0.79 0.4,0.53 0.61,1.16 0.61,1.91zm13.34 1.21l0 -2.2c-0.56,-0.54 -1.21,-0.81 -1.97,-0.81 -0.59,0 -1.11,0.27 -1.56,0.82 -0.44,0.54 -0.67,1.18 -0.67,1.92 0,0.73 0.17,1.36 0.49,1.88 0.32,0.52 0.76,0.78 1.31,0.78 0.97,0 1.77,-0.8 2.4,-2.39zm1.46 2.27c0.24,0 0.36,0.07 0.36,0.2 0,0.18 -0.06,0.36 -0.18,0.54 -0.13,0.19 -0.32,0.28 -0.59,0.28 -0.27,0 -0.48,-0.15 -0.63,-0.44 -0.15,-0.3 -0.26,-0.77 -0.33,-1.41 -0.67,1.23 -1.52,1.85 -2.56,1.85 -0.6,0 -1.11,-0.19 -1.55,-0.58 -0.43,-0.39 -0.74,-0.84 -0.92,-1.34 -0.19,-0.51 -0.28,-1.02 -0.28,-1.53 0,-1 0.3,-1.88 0.91,-2.63 0.61,-0.74 1.39,-1.12 2.34,-1.12 0.69,0 1.35,0.23 1.97,0.68 0.02,-1.28 0.02,-2.22 0.02,-2.81 0,-0.6 0.05,-0.97 0.14,-1.11 0.08,-0.14 0.23,-0.22 0.42,-0.22 0.2,0 0.36,0.08 0.49,0.25 0.12,0.16 0.19,0.4 0.19,0.71 0,0.31 -0.02,0.7 -0.06,1.15 -0.04,0.46 -0.09,1.07 -0.17,1.82 -0.07,0.75 -0.13,1.43 -0.18,2.04 0,1.12 0.05,2 0.13,2.64 0.08,0.64 0.24,0.98 0.48,1.03zm20.15 -2.27l0 -2.2c-0.56,-0.54 -1.21,-0.81 -1.97,-0.81 -0.59,0 -1.11,0.27 -1.55,0.82 -0.45,0.54 -0.68,1.18 -0.68,1.92 0,0.73 0.17,1.36 0.49,1.88 0.32,0.52 0.76,0.78 1.31,0.78 0.97,0 1.77,-0.8 2.4,-2.39zm1.46 2.27c0.24,0 0.36,0.07 0.36,0.2 0,0.18 -0.06,0.36 -0.18,0.54 -0.13,0.19 -0.32,0.28 -0.59,0.28 -0.27,0 -0.48,-0.15 -0.63,-0.44 -0.15,-0.3 -0.26,-0.77 -0.33,-1.41 -0.67,1.23 -1.52,1.85 -2.56,1.85 -0.6,0 -1.11,-0.19 -1.55,-0.58 -0.43,-0.39 -0.74,-0.84 -0.92,-1.34 -0.19,-0.51 -0.28,-1.02 -0.28,-1.53 0,-1 0.3,-1.88 0.91,-2.63 0.61,-0.74 1.39,-1.12 2.34,-1.12 0.69,0 1.35,0.23 1.97,0.68 0.02,-1.28 0.03,-2.22 0.03,-2.81 0,-0.6 0.04,-0.97 0.13,-1.11 0.08,-0.14 0.23,-0.22 0.43,-0.22 0.19,0 0.36,0.08 0.48,0.25 0.12,0.16 0.19,0.4 0.19,0.71 0,0.31 -0.02,0.7 -0.06,1.15 -0.04,0.46 -0.09,1.07 -0.17,1.82 -0.07,0.75 -0.13,1.43 -0.18,2.04 0,1.12 0.05,2 0.13,2.64 0.08,0.64 0.24,0.98 0.48,1.03zm10.81 -2.84c0.62,0 1.12,-0.11 1.49,-0.32 0.37,-0.21 0.56,-0.5 0.56,-0.86 0,-0.36 -0.12,-0.67 -0.37,-0.93 -0.24,-0.26 -0.59,-0.4 -1.04,-0.4 -0.61,0 -1.12,0.23 -1.54,0.69 -0.41,0.46 -0.68,0.99 -0.8,1.6 0.51,0.15 1.07,0.22 1.7,0.22zm0.52 -3.41c0.74,0 1.35,0.21 1.81,0.63 0.47,0.41 0.7,0.95 0.7,1.62 0,0.66 -0.28,1.17 -0.86,1.51 -0.58,0.35 -1.29,0.52 -2.13,0.52 -0.47,0 -1.06,-0.07 -1.75,-0.21 0.05,0.65 0.3,1.21 0.72,1.67 0.43,0.47 0.91,0.7 1.44,0.7 0.31,0 0.6,-0.04 0.87,-0.13 0.27,-0.09 0.47,-0.18 0.61,-0.29 0.37,-0.28 0.61,-0.42 0.72,-0.42 0.12,0 0.21,0.03 0.28,0.1 0.07,0.07 0.1,0.15 0.1,0.26 0,0.25 -0.26,0.55 -0.79,0.88 -0.53,0.33 -1.11,0.5 -1.73,0.5 -0.95,0 -1.72,-0.34 -2.28,-1.01 -0.56,-0.67 -0.87,-1.49 -0.91,-2.44 -0.49,-0.14 -0.73,-0.38 -0.73,-0.72 0,-0.13 0.03,-0.24 0.11,-0.32 0.08,-0.08 0.18,-0.12 0.29,-0.12 0.11,0 0.24,0.04 0.41,0.13 0.2,-0.84 0.59,-1.52 1.16,-2.05 0.56,-0.54 1.22,-0.81 1.96,-0.81zm20.51 2.77l-0.07 2.17c0,0.26 0,0.46 0,0.59 0.01,0.14 0.03,0.28 0.09,0.42 0.05,0.14 0.11,0.23 0.18,0.26 0.08,0.03 0.15,0.05 0.23,0.06 0.08,0.01 0.13,0.03 0.17,0.05 0.03,0.01 0.05,0.05 0.05,0.11 0,0.24 -0.08,0.44 -0.23,0.6 -0.16,0.16 -0.33,0.24 -0.54,0.24 -0.35,0 -0.59,-0.14 -0.72,-0.41 -0.14,-0.28 -0.2,-0.69 -0.2,-1.22l0.05 -2.55c0,-0.63 -0.12,-1.13 -0.36,-1.52 -0.25,-0.39 -0.59,-0.58 -1.03,-0.58 -0.44,0 -0.86,0.26 -1.28,0.79 -0.41,0.52 -0.7,1.12 -0.87,1.78l0.04 3c0,0.47 -0.17,0.71 -0.52,0.71 -0.43,0 -0.64,-0.33 -0.64,-0.98 0,-0.65 0.09,-1.56 0.28,-2.73 0,-1.72 -0.47,-2.57 -1.42,-2.57 -0.43,0 -0.85,0.26 -1.27,0.79 -0.41,0.52 -0.7,1.12 -0.87,1.78l0.04 3c0,0.47 -0.17,0.71 -0.53,0.71 -0.42,0 -0.63,-0.33 -0.63,-0.98 0,-0.65 0.09,-1.56 0.27,-2.73 0,-0.39 -0.03,-0.92 -0.11,-1.6 -0.08,-0.69 -0.12,-1.11 -0.12,-1.27 0,-0.16 0.05,-0.31 0.14,-0.43 0.1,-0.12 0.23,-0.19 0.4,-0.19 0.17,0 0.3,0.07 0.39,0.19 0.1,0.12 0.15,0.27 0.15,0.42 0,0.16 0,0.35 -0.01,0.58 0,0.22 0,0.41 0,0.57 0.62,-1.17 1.41,-1.76 2.35,-1.76 0.54,0 0.99,0.16 1.33,0.48 0.35,0.32 0.59,0.75 0.72,1.28 0.62,-1.17 1.41,-1.76 2.35,-1.76 0.69,0 1.23,0.27 1.61,0.79 0.38,0.53 0.58,1.16 0.58,1.91zm12.96 2.85c0.44,-0.54 0.67,-1.2 0.67,-1.96 0,-0.77 -0.22,-1.42 -0.65,-1.95 -0.43,-0.54 -0.96,-0.81 -1.59,-0.81 -0.64,0 -1.18,0.28 -1.63,0.82 -0.45,0.54 -0.67,1.2 -0.67,1.97 0,0.76 0.21,1.41 0.64,1.95 0.43,0.53 0.96,0.8 1.6,0.8 0.64,0 1.18,-0.27 1.63,-0.82zm-1.6 -5.62c0.95,0 1.73,0.36 2.34,1.06 0.61,0.71 0.91,1.57 0.91,2.6 0,1.02 -0.31,1.89 -0.93,2.61 -0.62,0.71 -1.4,1.07 -2.34,1.07 -0.94,0 -1.71,-0.35 -2.32,-1.06 -0.61,-0.7 -0.91,-1.57 -0.91,-2.59 0,-1.03 0.3,-1.9 0.92,-2.61 0.61,-0.72 1.39,-1.08 2.33,-1.08z"/>
   <path class="fil15 str0" d="M283.06 79.61c0.23,0 0.35,0.12 0.35,0.36 0,0.25 -0.27,0.52 -0.8,0.82 -0.54,0.3 -1.1,0.45 -1.69,0.45 -0.97,0 -1.78,-0.36 -2.42,-1.07 -0.65,-0.72 -0.97,-1.58 -0.97,-2.6 0,-1.01 0.32,-1.88 0.97,-2.59 0.65,-0.72 1.51,-1.08 2.57,-1.08 0.58,0 1.1,0.14 1.54,0.4 0.45,0.26 0.68,0.53 0.68,0.81 0,0.15 -0.05,0.27 -0.14,0.37 -0.1,0.09 -0.2,0.14 -0.32,0.14 -0.12,0 -0.26,-0.07 -0.42,-0.21 -0.48,-0.4 -0.97,-0.61 -1.46,-0.61 -0.64,0 -1.2,0.27 -1.67,0.81 -0.48,0.53 -0.71,1.18 -0.71,1.95 0,0.76 0.24,1.42 0.72,1.96 0.48,0.55 1.07,0.82 1.78,0.82 0.54,0 1.08,-0.18 1.59,-0.55 0.18,-0.12 0.31,-0.18 0.4,-0.18zm9.26 -1.75l0.04 2.6c0,0.47 -0.17,0.71 -0.52,0.71 -0.43,0 -0.64,-0.33 -0.64,-0.98 0,-0.65 0.09,-1.56 0.28,-2.73 0,-0.39 -0.04,-0.92 -0.12,-1.59 -0.08,-0.67 -0.12,-1.09 -0.12,-1.26 0,-0.17 0.05,-0.31 0.15,-0.44 0.1,-0.13 0.23,-0.2 0.39,-0.2 0.17,0 0.3,0.07 0.4,0.2 0.09,0.13 0.14,0.27 0.14,0.42 0,0.15 0,0.35 0,0.58 -0.01,0.24 -0.01,0.43 -0.01,0.59 0.18,-0.47 0.47,-0.89 0.86,-1.25 0.4,-0.36 0.8,-0.54 1.21,-0.54 0.42,0 0.74,0.09 0.97,0.26 0.22,0.17 0.34,0.35 0.34,0.55 0,0.19 -0.06,0.34 -0.16,0.45 -0.1,0.11 -0.23,0.17 -0.39,0.17 -0.16,0 -0.34,-0.09 -0.53,-0.26 -0.19,-0.17 -0.34,-0.25 -0.45,-0.25 -0.3,0 -0.66,0.32 -1.06,0.98 -0.41,0.65 -0.67,1.32 -0.78,1.99zm16.22 -0.18c0,0.69 0.05,1.26 0.16,1.7 0.1,0.44 0.22,0.68 0.35,0.74 0.06,0.03 0.13,0.04 0.21,0.05 0.07,0.01 0.13,0.03 0.16,0.05 0.03,0.01 0.05,0.05 0.05,0.11 0,0.25 -0.07,0.45 -0.2,0.6 -0.13,0.16 -0.34,0.24 -0.6,0.24 -0.27,0 -0.48,-0.17 -0.63,-0.51 -0.14,-0.34 -0.22,-0.78 -0.22,-1.32 -0.23,0.52 -0.57,0.95 -1.01,1.3 -0.45,0.35 -0.95,0.53 -1.51,0.53 -0.56,0 -1.04,-0.18 -1.45,-0.55 -0.74,-0.68 -1.11,-1.64 -1.11,-2.9 0,-1 0.29,-1.88 0.88,-2.63 0.58,-0.74 1.32,-1.12 2.24,-1.12 0.69,0 1.29,0.24 1.8,0.71 0,-0.47 0.17,-0.71 0.52,-0.71 0.43,0 0.64,0.33 0.64,0.98 0,0.65 -0.09,1.56 -0.28,2.73zm-0.8 0.13l-0.07 -2.13c-0.55,-0.54 -1.13,-0.81 -1.74,-0.81 -0.6,0 -1.12,0.27 -1.55,0.82 -0.44,0.54 -0.65,1.2 -0.65,1.96 0,0.76 0.14,1.39 0.42,1.88 0.28,0.49 0.68,0.74 1.2,0.74 0.51,0 0.98,-0.23 1.41,-0.69 0.42,-0.46 0.75,-1.05 0.98,-1.77zm11.1 -2.85l-0.03 3.28c0,0.84 0.04,1.38 0.1,1.64 0.07,0.26 0.26,0.39 0.55,0.39 0.14,0 0.31,-0.05 0.51,-0.15 0.19,-0.09 0.33,-0.14 0.39,-0.14 0.19,0 0.29,0.09 0.29,0.28 0,0.19 -0.17,0.39 -0.51,0.6 -0.34,0.21 -0.68,0.31 -1.01,0.31 -0.8,0 -1.2,-0.59 -1.2,-1.77l-0.02 -4.44c-0.3,0.02 -0.52,0.04 -0.64,0.04 -0.46,0 -0.69,-0.15 -0.69,-0.46 0,-0.3 0.23,-0.46 0.69,-0.46 0.04,0 0.24,0.01 0.61,0.03l-0.02 -1.55c0,-0.46 0.17,-0.69 0.52,-0.69 0.35,0 0.53,0.23 0.53,0.69l-0.04 1.57 1.12 -0.06c0.46,0 0.69,0.16 0.69,0.47 0,0.3 -0.23,0.44 -0.69,0.44 -0.09,0 -0.47,-0.01 -1.15,-0.02zm10.07 -3.96c0.2,0 0.34,0.06 0.43,0.19 0.09,0.12 0.14,0.28 0.14,0.47 0,0.18 -0.06,0.37 -0.19,0.56 -0.13,0.19 -0.29,0.29 -0.49,0.29 -0.19,0 -0.34,-0.07 -0.43,-0.2 -0.1,-0.13 -0.15,-0.3 -0.15,-0.51 0,-0.21 0.07,-0.4 0.2,-0.56 0.14,-0.16 0.3,-0.24 0.49,-0.24zm0.39 6.57l0.07 2.91c0,0.46 -0.18,0.69 -0.53,0.69 -0.35,0 -0.52,-0.23 -0.52,-0.69l0.07 -2.91 -0.07 -2.9c0,-0.47 0.17,-0.7 0.52,-0.7 0.35,0 0.53,0.23 0.53,0.7l-0.07 2.9zm10.81 2.63l2.08 -0.07c0.46,0 0.69,0.16 0.69,0.49 0,0.32 -0.23,0.48 -0.69,0.48l-2.08 -0.07c0,0 -0.75,0.02 -2.24,0.07 -0.45,0 -0.67,-0.16 -0.67,-0.48 0,-0.24 0.16,-0.55 0.49,-0.92 0.56,-0.65 1.06,-1.27 1.49,-1.86 0.42,-0.58 0.75,-1.02 0.97,-1.31 0.22,-0.29 0.39,-0.51 0.5,-0.66 0.29,-0.42 0.49,-0.71 0.58,-0.89 -0.69,-0.02 -1.08,-0.04 -1.18,-0.04l-2.02 0.07c-0.46,0 -0.69,-0.16 -0.69,-0.48 0,-0.33 0.23,-0.49 0.69,-0.49l2.02 0.07 1.97 -0.07c0.44,0 0.66,0.16 0.66,0.49 0,0.2 -0.08,0.41 -0.25,0.63 -0.17,0.22 -0.34,0.43 -0.49,0.61 -0.42,0.49 -0.97,1.19 -1.65,2.11 -0.68,0.92 -1.23,1.68 -1.65,2.29 0.56,0.02 1.05,0.03 1.47,0.03zm11.17 -9.2c0.19,0 0.34,0.06 0.43,0.19 0.09,0.12 0.14,0.28 0.14,0.47 0,0.18 -0.07,0.37 -0.2,0.56 -0.13,0.19 -0.29,0.29 -0.48,0.29 -0.2,0 -0.34,-0.07 -0.44,-0.2 -0.09,-0.13 -0.14,-0.3 -0.14,-0.51 0,-0.21 0.06,-0.4 0.2,-0.56 0.13,-0.16 0.29,-0.24 0.49,-0.24zm0.39 6.57l0.07 2.91c0,0.46 -0.18,0.69 -0.53,0.69 -0.35,0 -0.53,-0.23 -0.53,-0.69l0.07 -2.91 -0.07 -2.9c0,-0.47 0.18,-0.7 0.53,-0.7 0.35,0 0.53,0.23 0.53,0.7l-0.07 2.9zm14.28 -0.9l-0.07 2.17c0,0.26 0,0.46 0.01,0.59 0,0.14 0.03,0.28 0.08,0.42 0.05,0.14 0.11,0.23 0.19,0.26 0.07,0.03 0.15,0.05 0.22,0.06 0.08,0.01 0.14,0.03 0.17,0.05 0.03,0.01 0.05,0.05 0.05,0.11 0,0.24 -0.08,0.44 -0.23,0.6 -0.15,0.16 -0.33,0.24 -0.53,0.24 -0.35,0 -0.6,-0.14 -0.73,-0.41 -0.13,-0.28 -0.2,-0.69 -0.2,-1.22l0.06 -2.55c0,-0.63 -0.14,-1.13 -0.41,-1.52 -0.26,-0.39 -0.63,-0.58 -1.11,-0.58 -0.48,0 -0.93,0.26 -1.38,0.79 -0.44,0.52 -0.75,1.12 -0.92,1.78l0.04 3c0,0.47 -0.18,0.71 -0.53,0.71 -0.42,0 -0.63,-0.33 -0.63,-0.98 0,-0.65 0.09,-1.56 0.27,-2.73 0,-0.39 -0.04,-0.92 -0.12,-1.6 -0.07,-0.69 -0.11,-1.11 -0.11,-1.27 0,-0.16 0.04,-0.31 0.14,-0.43 0.1,-0.12 0.23,-0.19 0.4,-0.19 0.16,0 0.29,0.07 0.39,0.19 0.1,0.12 0.15,0.27 0.15,0.42 0,0.16 -0.01,0.35 -0.01,0.58 -0.01,0.22 -0.01,0.41 -0.01,0.57 0.68,-1.17 1.51,-1.76 2.49,-1.76 0.74,0 1.31,0.27 1.72,0.79 0.41,0.53 0.61,1.16 0.61,1.91zm13.12 1.12l0 -2.11c-0.51,-0.54 -1.07,-0.81 -1.68,-0.81 -0.62,0 -1.15,0.28 -1.61,0.83 -0.46,0.55 -0.68,1.2 -0.68,1.95 0,0.75 0.14,1.37 0.42,1.87 0.29,0.5 0.68,0.75 1.19,0.75 0.5,0 0.96,-0.23 1.39,-0.71 0.42,-0.47 0.75,-1.06 0.97,-1.77zm-0.03 -3.17c0.02,-0.43 0.19,-0.65 0.53,-0.65 0.42,0 0.63,0.33 0.63,0.98 0,0.65 -0.09,1.56 -0.27,2.73 0.11,1.13 0.16,1.97 0.16,2.52 0,1.21 -0.28,2.18 -0.85,2.91 -0.57,0.74 -1.36,1.1 -2.39,1.1 -0.57,0 -1.11,-0.11 -1.62,-0.35 -0.5,-0.23 -0.76,-0.47 -0.76,-0.7 0,-0.24 0.11,-0.36 0.32,-0.36 0.08,0 0.32,0.09 0.71,0.26 0.4,0.17 0.85,0.26 1.35,0.26 0.74,0 1.32,-0.28 1.75,-0.84 0.42,-0.55 0.63,-1.26 0.63,-2.14 0,-0.36 -0.02,-0.69 -0.07,-1 -0.2,0.5 -0.53,0.93 -0.98,1.29 -0.46,0.36 -0.93,0.54 -1.42,0.54 -0.48,0 -0.89,-0.11 -1.24,-0.32 -0.34,-0.21 -0.61,-0.49 -0.83,-0.83 -0.41,-0.69 -0.62,-1.5 -0.62,-2.41 0,-0.92 0.31,-1.76 0.94,-2.51 0.62,-0.75 1.39,-1.13 2.3,-1.13 0.64,0 1.21,0.22 1.73,0.65zm20.63 0.94l1.82 0.07c0.32,0 0.68,-0.01 1.1,-0.04 0.41,-0.03 0.64,-0.04 0.69,-0.04 0.47,0 0.7,0.2 0.7,0.61 0,1.56 -0.38,2.8 -1.14,3.72 -0.77,0.91 -1.77,1.37 -3.01,1.37 -1.25,0 -2.29,-0.52 -3.15,-1.57 -0.85,-1.06 -1.28,-2.34 -1.28,-3.84 0,-1.51 0.45,-2.79 1.33,-3.83 0.88,-1.04 1.99,-1.57 3.33,-1.57 0.82,0 1.58,0.17 2.24,0.49 0.67,0.32 1.01,0.67 1.01,1.05 0,0.15 -0.05,0.26 -0.13,0.35 -0.09,0.08 -0.21,0.12 -0.36,0.12 -0.14,0 -0.31,-0.05 -0.49,-0.16 -0.18,-0.1 -0.35,-0.22 -0.51,-0.36 -0.16,-0.13 -0.4,-0.25 -0.71,-0.36 -0.32,-0.1 -0.67,-0.16 -1.05,-0.16 -1.03,0 -1.87,0.44 -2.54,1.31 -0.66,0.87 -0.99,1.9 -0.99,3.09 0,1.18 0.31,2.22 0.95,3.12 0.64,0.89 1.44,1.34 2.42,1.34 0.83,0 1.52,-0.32 2.07,-0.96 0.55,-0.64 0.83,-1.54 0.85,-2.71 -0.46,-0.03 -0.9,-0.05 -1.33,-0.05l-1.82 0.07c-0.45,0 -0.67,-0.17 -0.67,-0.52 0,-0.16 0.06,-0.29 0.18,-0.39 0.12,-0.1 0.28,-0.15 0.49,-0.15zm14.86 4.56l1.22 -0.07c0.21,0 0.38,0.05 0.5,0.14 0.13,0.1 0.19,0.23 0.19,0.39 0,0.15 -0.06,0.28 -0.19,0.38 -0.13,0.1 -0.3,0.15 -0.5,0.15l-1.79 -0.08 -1.82 0.07c-0.46,0 -0.7,-0.17 -0.7,-0.52 0,-0.36 0.24,-0.53 0.7,-0.53 0.1,0 0.52,0.02 1.26,0.07 0.04,-2.08 0.07,-3.5 0.07,-4.27 0,-0.77 -0.03,-2.19 -0.07,-4.27 -0.82,0.04 -1.24,0.05 -1.26,0.05 -0.45,0 -0.67,-0.17 -0.67,-0.51 0,-0.16 0.06,-0.29 0.18,-0.39 0.12,-0.1 0.28,-0.15 0.49,-0.15l1.82 0.07c0.32,0 0.68,-0.01 1.1,-0.04 0.41,-0.03 0.68,-0.04 0.81,-0.04 0.12,0 0.25,0.05 0.38,0.16 0.14,0.1 0.2,0.24 0.2,0.39 0,0.16 -0.06,0.29 -0.19,0.38 -0.13,0.1 -0.26,0.15 -0.41,0.15 -0.14,0 -0.58,-0.02 -1.32,-0.07 -0.05,2.12 -0.07,3.56 -0.07,4.3 0,0.75 0.02,2.16 0.07,4.24zm15.85 -1.86c0,0.84 -0.32,1.55 -0.94,2.12 -0.63,0.57 -1.44,0.86 -2.43,0.86 -0.76,0 -1.48,-0.18 -2.14,-0.55 -0.67,-0.36 -1,-0.72 -1,-1.08 0,-0.14 0.05,-0.26 0.13,-0.35 0.09,-0.09 0.2,-0.14 0.34,-0.14 0.14,0 0.3,0.06 0.47,0.18 0.17,0.12 0.33,0.25 0.48,0.4 0.15,0.14 0.38,0.27 0.69,0.39 0.31,0.12 0.66,0.18 1.03,0.18 0.65,0 1.19,-0.18 1.62,-0.55 0.42,-0.36 0.64,-0.85 0.64,-1.46 0,-0.4 -0.17,-0.78 -0.52,-1.14 -0.34,-0.35 -0.76,-0.67 -1.26,-0.95 -0.49,-0.28 -0.99,-0.57 -1.48,-0.87 -0.49,-0.29 -0.91,-0.65 -1.26,-1.06 -0.34,-0.42 -0.52,-0.88 -0.52,-1.37 0,-0.66 0.29,-1.23 0.85,-1.71 0.57,-0.48 1.23,-0.72 1.99,-0.72 0.76,0 1.4,0.13 1.94,0.39 0.53,0.26 0.8,0.55 0.8,0.87 0,0.15 -0.04,0.27 -0.13,0.35 -0.09,0.08 -0.2,0.12 -0.34,0.12 -0.14,0 -0.28,-0.03 -0.42,-0.11 -0.13,-0.08 -0.26,-0.17 -0.38,-0.27 -0.11,-0.09 -0.29,-0.18 -0.53,-0.26 -0.24,-0.08 -0.56,-0.12 -0.96,-0.12 -0.4,0 -0.79,0.14 -1.16,0.41 -0.37,0.27 -0.55,0.6 -0.55,0.98 0,0.39 0.17,0.74 0.52,1.06 0.34,0.31 0.76,0.61 1.26,0.9 0.49,0.28 0.99,0.57 1.48,0.88 0.49,0.31 0.91,0.69 1.26,1.14 0.34,0.46 0.52,0.95 0.52,1.48z"/>
  </g>
  <rect class="fil16" x="59.76" y="0.27" width="61.27" height="52.36"/>
  <rect class="fil17" x="121.18" y="0.27" width="61.27" height="52.36"/>
  <rect class="fil18" x="182.61" y="0.27" width="61.27" height="52.36"/>
  <rect class="fil19" x="244.02" y="0.27" width="61.27" height="52.36"/>
  <rect class="fil20" x="305.55" y="0.27" width="61.27" height="52.36"/>
  <rect class="fil21" x="367.17" y="0.27" width="61.27" height="52.36"/>
  <path class="fil22" d="M388.62 12.52l0 16.25c0,4.67 0.71,7.18 2.55,8.98 2,1.96 4.3,2.63 9.22,2.63l6.6 0 0 -4.18 -5.89 0c-3,0 -4.92,-0.5 -6.09,-1.59 -0.92,-0.91 -1.34,-2.71 -1.34,-6.13l0 -15.96 -5.05 0z"/>
  <path class="fil22" d="M336.35 12.23c-4.34,0 -7.68,1.09 -10.1,3.38 -2.34,2.26 -3.68,6.14 -3.68,10.94 0,3.81 0.96,7.35 2.59,9.57 2.09,2.92 6.1,4.55 11.15,4.55 8.86,0 13.49,-4.8 13.49,-13.99 0,-9.77 -4.38,-14.45 -13.49,-14.45l0.04 0zm-0.04 4.05c5.51,0 7.94,3.13 7.94,10.27 0,6.98 -2.51,10.07 -8.06,10.07 -5.6,0 -8.06,-3.13 -8.06,-10.27 0,-6.94 2.55,-10.07 8.22,-10.07l-0.04 0z"/>
  <path class="fil22" d="M263.03 40.38l12.61 0c4.01,0 5.64,-0.25 7.14,-1.05 2.38,-1.25 3.84,-3.88 3.84,-7.05 0,-2.64 -0.92,-5.02 -2.46,-6.39 -1.55,-1.42 -3.76,-1.92 -8.19,-1.92l-2.54 0c-4.05,0 -5.6,-1.01 -5.6,-3.55 0,-1.46 0.67,-2.68 1.75,-3.18 0.84,-0.37 2.01,-0.54 4.14,-0.54l11.48 0 0 -4.18 -11.73 0c-3.18,0 -4.93,0.25 -6.39,0.92 -2.67,1.21 -4.39,4.05 -4.39,7.39 0,2.47 1.01,4.64 2.76,5.98 1.42,1.08 3.63,1.58 7.02,1.58l3.59 0c1.88,0 2.5,0.09 3.25,0.38 1.38,0.5 2.18,1.88 2.18,3.59 0,1.42 -0.55,2.46 -1.63,3.13 -0.75,0.5 -1.97,0.71 -4.14,0.71l-12.73 0 0.04 4.18z"/>
  <path class="fil22" d="M199.57 26.26l0 4.14 3.97 0 0 9.98 5.09 0 0 -9.94 8.14 0c3.6,0 5.47,-0.46 7.06,-1.71 1.88,-1.51 3.09,-4.26 3.09,-7.31 0,-2.63 -0.88,-4.89 -2.46,-6.52 -1.76,-1.83 -3.63,-2.38 -7.98,-2.38l-12.98 0 0 13.74 -3.93 0zm9.06 0l0 -9.56 7.6 0c1.76,0 2.72,0.21 3.43,0.71 1.12,0.84 1.75,2.17 1.75,3.88 0,1.63 -0.5,3.18 -1.34,3.93 -0.71,0.71 -1.92,1.04 -3.84,1.04l-7.6 0z"/>
  <path class="fil22" d="M138.7 26.85l0 4.13 3.89 0 0 9.56 5.09 0 0 -9.56 12.11 0 0 9.56 5.1 0 0.04 0 -0.04 -13.28 0 -3.38c0,-4.05 -0.51,-6.05 -2.05,-7.93 -2.01,-2.42 -4.3,-3.59 -8.77,-3.59 -4.22,0 -6.56,0.96 -8.73,2.92 -2.04,1.8 -2.75,4.09 -2.75,8.98l0 2.59 -3.89 0zm8.98 0l0 -2.72c0,-2.75 0.17,-4.05 0.67,-4.97 0.96,-1.75 2.38,-2.75 5.39,-2.75 2.38,0 3.42,0.67 4.59,1.92 1.08,1.13 1.46,2.59 1.46,5.59l0 2.93 -12.11 0z"/>
  <polygon class="fil22" points="82.4,12.52 74.84,12.52 74.84,40.38 79.81,40.38 79.81,17.95 87.83,40.38 93,40.38 101.02,17.95 101.02,40.38 105.95,40.38 105.95,12.52 98.39,12.52 90.5,34.78 "/>
 </g>
</svg>
